   0.000    22.430   24.404     23.194    21.199   20.595 
   1.000    22.398   24.278     23.364    21.223   20.762 
   2.000    22.341   24.239     23.213    21.150   20.340 
   3.000    22.422   24.419     23.133    21.155   20.479 
   4.000    22.215   24.457     23.101    21.371   20.589 
   5.000    22.434   24.391     23.268    21.230   20.604 
   6.000    22.424   24.383     23.284    21.423   20.819 
   7.000    22.442   24.344     22.920    21.488   20.495 
   8.000    22.423   24.313     23.478    21.212   20.828 
   9.000    22.353   24.469     22.980    21.306   20.813 
  10.000    22.395   24.404     22.963    21.314   20.578 
  11.000    22.188   24.206     23.032    21.150   20.800 
  12.000    22.355   24.489     23.442    21.264   20.424 
  13.000    22.438   24.159     23.346    21.261   20.424 
  14.000    22.195   24.232     23.303    21.167   20.473 
  15.000    22.169   24.320     23.101    21.188   20.772 
  16.000    22.352   24.287     23.420    21.277   20.506 
  17.000    22.462   24.413     23.076    21.429   20.580 
  18.000    22.413   24.331     23.437    21.407   20.343 
  19.000    22.362   24.146     23.116    21.157   20.512 
  20.000    22.299   24.299     23.210    21.489   20.433 
